539898
817382
917665
707529
450938
391291
135314
484047
247986
436782
598005
697426
882874
919363
891159
822831
200366
485600
880508
755052
510109
455807
952039
694739
318286
820897
739877
166974
503910
574223
314774
482460
635988
520612
460899
221982
211524
508479
291418
555184
308714
256521
121243
217164
732488
840360
979117
118098
538175
979065
778543
356876
994277
646413
491430
827489
738120
337747
622816
761117
249532
857957
818885
887286
187306
229997
136330
915830
798361
316329
154099
237973
544116
132349
280957
706621
956468
694338
803324
324091
629297
768829
877332
918399
537566
852482
807114
477985
850907
772617
659238
755662
432421
213810
977513
216460
307602
300706
813590
576341
116347
526717
197254
337434
949270
665890
759665
673578
373001
132404
569341
182399
830868
425169
328869
465649
254533
899374
612112
948211
410761
437561
457058
412135
830307
789732
596447
722806
116081
572824
263399
816798
443486
897940
472884
548699
186371
282343
225765
118324
247062
759219
774547
999416
842961
809513
750137
641115
634733
812158
327162
530107
985155
224356
158439
272548
192181
852246
664971
383813
526857
305738
952247
655090
795715
220521
281037
752118
188088
693187
270129
243711
745164
574812
339400
318049
293722
115242
970917
149433
774269
280299
304924
641665
128108
782643
705879
226991
270992
119120
796207
164963
929715
489228
771924
953957
137283
868945
668843
761423
370559
414329
614741
612830
723226
799249
620991
134728
606278
988302
405326
534049
162890
894592
142908
860107
956853
886642
642341
797670
501457
158817
362059
809491
657535
563789
166017
998188
476671
904011
200331
692180
245093
951775
580725
371673
871510
342568
855639
999831
793395
955198
366612
122052
534809
834662
392382
236924
616011
979765
562067
217718
377890
305151
398375
185024
432072
786232
870067
177530
146933
382330
484681
974353
539172
550137
856947
186342
557208
195189
822671
903644
987085
705104
247933
486860
173066
610631
946908
840333
228148
922645
945984
440766
566488
277268
520672
532759
440452
274172
881261
530999
431004
839143
680050
680907
355415
174133
712887
114061
754355
206470
644602
366756
184405
393679
900712
408900
503601
944074
813151
404219
496392
698119
926032
494953
377493
530842
249858
711247
719412
925593
898931
299044
138816
918640
443007
126918
832941
412707
975015
991194
848633
965604
144165
986280
481208
693971
314169
891011
578769
480227
896864
756815
868383
686346
562336
328425
438921
457711
951119
537736
910640
291137
180015
681319
395283
636681
960385
741953
606140
494676
759157
128147
832120
511567
267656
174896
235774
370054
500928
658203
527022
584850
571692
240303
499813
812650
848093
783151
648858
912814
196861
538469
489589
303387
657946
345819
938364
182380
696863
882872
764913
311897
258757
419710
870721
770910
370320
305649
618496
322346
158888
753937
768502
613282
433884
904817
337964
169622
240551
704292
651668
959829
497254
866010
906939
886685
576903
602714
431203
372649
735055
345076
578234
543305
687153
406406
918626
993546
410582
362905
526541
599216
490842
828100
335950
369151
135739
709209
627833
179657
398601
855988
628428
413474
232106
740209
434125
846627
925879
549646
427608
160905
529774
473361
673751
703172
478431
633962
279403
880346
163148
212799
635802
614322
307366
818740
124087
302619
900533
159463
808136
403423
343599
354690
211414
346042
784965
455505
124253
213549
901734
878257
692829
681971
642566
446654
376449
139329
572758
889306
377077
747531
883150
121026
427952
273558
254005
834995
686504
683087
651544
565462
778078
707587
484230
645823
207870
721041
157436
904499
662860
870596
471384
936871
292982
631392
359951
819055
941003
825545
337752
632940
275049
578153
489139
217524
662193
696889
415731
620777
533632
874713
545805
273459
855612
372159
330938
280824
416197
456249
568454
753835
853440
570339
733943
188175
354389
701309
463107
452783
786999
747381
213025
971432
908047
311800
622183
777936
132989
301760
552831
876437
981051
308769
406883
338262
498512
877347
444831
906124
969495
754851
147188
636891
262463
981357
456937
881444
752623
152020
729098
613325
470175
471113
924644
534784
384631
541503
597853
165342
900588
981787
355974
545728
647345
333240
507199
810542
773983
193950
566658
976451
658106
606543
794762
177284
691782
734735
970290
320955
688096
639729
468887
671878
817117
745680
342461
338974
806810
595608
251168
384943
157838
811585
616461
578904
622667
611030
216374
806892
788951
395185
208412
994339
404394
517890
878511
494825
388492
705335
509006
950869
890080
257186
280041
200725
572437
771249
370910
868410
814698
787321
114987
884170
399575
199114
165526
561830
645439
628642
724145
440882
662911
347260
594721
573293
997935
570269
332766
763403
644268
797252
414868
907888
665983
808642
572201
947495
696834
155824
453277
116936
376503
354784
368251
268568
868656
328420
426716
854460
419162
409835
282224
968361
204821
587883
430059
376207
913548
797058
876936
736491
849869
588957
551430
571880
869806
438057
629092
661550
815251
369390
486709
677143
771573
567798
572127
827760
644892
706107
246935
900418
529080
846412
911410
809111
657954
506749
478557
596802
509071
424486
267893
235159
448725
858365
693049
841058
784568
969780
752880
296826
778185
380344
309073
456295
368860
261535
379369
180517
878128
231883
452259
302602
961689
341900
355873
596117
316846
814332
872964
284575
694979
525611
814681
646497
404309
943763
584212
867060
777710
491908
342953
744923
978803
355917
517603
508826
495467
360103
794123
494580
735621
306076
592448
245817
126812
865081
516620
959112
337959
645667
280524
611421
958547
436215
650643
503062
714814
133816
979409
745331
504676
715639
481777
457690
754735
486080
822550
833018
544931
932275
486531
649991
746579
139307
708200
508344
145214
676943
940508
890105
426934
895882
139431
596978
344337
502255
325597
147121
371765
639615
166905
856875
746811
969722
208224
480507
598545
308437
805859
161588
538467
923606
323381
262067
181002
630462
289819
120755
475108
430563
734504
764458
939170
530077
716879
381537
934198
505782
685317
220870
132854
909583
543194
234592
947896
510606
316574
942139
846895
143212
627368
285066
240385
306301
734631
311470
474390
862562
516352
135736
614353
943562
789395
203726
642582
440823
812622
272694
958034
692020
999130
370029
694771
984079
705601
579959
586038
691643
839080
987400
534576
477523
606687
681260
700316
231246
223213
988443
581274
865151
745861
675850
399546
228674
485809
770653
956325
675367
652288
807079
984479
334452
593794
920764
276732
338380
481292
294579
428839
451980
643929
333512
704536
482653
935547
836751
294942
371996
842431
665769
816830
126676
525283
744955
111872
529723
283396
422645
205976
827532
656514
393766
979533
113222
298518
814520
768899
378698
274177
817757
336697
635238
130923
731535
214957
708985
447207
270633
944414
120314
135297
292174
257388
861202
164679
533440
998685
274217
500285
201934
293694
493420
880390
207425
390516
281183
494952
336536
564061
324281
619197
421480
133727
344335
157525
131625
