177052256659516725877221260943917349321484964122106019068185711595564796210828839597552207742536090575938806219637811850443280337106742361745439687483573887668203786701
2295295959165457866159550352817008115636400991107364350853814090960776178517212430002705366704129516488916013359592670841624080215102607704927146060311342401708743695304974269924719367946518768185810663
604951754222027291399069115215402925380641027831829424105290075342987955706121028108633754261893555783216459977376168265045331665787672201013315318468803444759555268464021274151372771085057479163631463367
6407292861179073473906002807539913915955564679128596862729405728032801708152151937148711544601491230056872943693239130653443434023159235954868158030590176115626853416914061
10439679896374780276373116151032779557049756731260711058885450195378717855036657007596117283996115038247792528457969653560258029376329906893424041810002109518190075489168692464449961231
8318410859911586895152493437407501707190013279597648512194797360460853612675862972817246814619480321490616933230491171150141962085161352807669754323451503101701210774029093443588097937943216748967520943901349
6432893833651778848043353097191790579271656319129417462553523544632472410319969039864220712468902764172253274340344659548352888205138284954633682625417869907196784542352539941
240610186603883472248561585142787923918282007431838737691149703039891380402175109534617023776424345360408645381182493046378035856783634666327857624111453855429344551123079498979320947881
12280369970945998580660567376729781183201122059014092046158649717290831354481417923988612411962743604446586943718314421813448389429496186667368102051309951923028396803754975939332780249779
451468128202840578880300748644693334988777437942030435545284921212824527024973629426873286903428132025028775316752311380265927566299396458352487204193333302457434930315738376998169268882159067229719
449980835248944256396933887016413783314660582277592874267220383987116648428315610930607600553763880449982123861247843914567516957461230807130167864159857234215850127897824756834535279123900927616794564968663501205611190567785671
46966762329539340414965671323965590118270574346633382487826738946437869240148479166117534656310476049183851843835560397650555948263292951887808229896422116846591535930520492519312643631273
78574458455121927389242506485448050186723083185018190478197748630546101559220263976028451865951203926020252707403482906455457258758486005130445660048619449073193300640745841528088922209
56010850618897198591892893465645751235053785964343421134086578973829202165156071339895509803185558253258413325461166506816505199714317703639661625015924811910837419028427394741287511072313
2674852692719202161864951654060174600966364768676386529612019223841846630026259638614186448121874526837669313025818369269826012792377947424350076083510053449939846724945022982664920258692229678529893805229
172839506172839506172839506172839506172839506172839506172839506172839506172839506172839550493827160493827160493827160493827160493827160493827160493827160493827160493827160493827
1322701164218123899440801953631646105756210969533578048104342239243990697954004039499098905667552864669028734135655372676710837311195121948636261632348089546549764447601982669347129181517809
42685067216311326174330395683147289636977549436476697142806068011944356574229703629554063106393114815617319431554723665916414423031727160697135199122126268921016783819216879770348347928460218577188339125557956210871360674051197
13474682414681182214801451998813478682414688015988135482401480225069214689213548135868221480252548743910764126445743079233540974563910762930535409623913074293946220762720962409556394574288724641
10570136121102456891454188122677770207136732325505844452686986066836133722733227325211391918178872132239284340604985609893458305967961975154934862738367345634723549981785581690800264108091937